8
Lactococcus 0.0 0.00015625 0.00016243989272958783 0.00020574630730282867 0.00026287640424018657 0.00028215133350739283 0.00039622547735632796 0.0003304308858331799
Escherichia 0.00015625 0.0 0.00014032955074573566 0.00017225100915887258 0.00022794834769910045 0.00022803936748947538 0.0003296504718542808 0.00026682632752878785
Streptococcus 0.00016243989272958783 0.00014032955074573566 0.0 0.00015400734306762778 0.00022145095922969038 0.00023383270595663045 0.00033531191752046334 0.00027232362411292924
Cellulophaga 0.00020574630730282867 0.00017225100915887258 0.00015400734306762778 0.0 0.00022840308393277 0.00024488418021332046 0.00032965417485601484 0.00027372306517034695
Coronavirus 0.00026287640424018657 0.00022794834769910045 0.00022145095922969038 0.00022840308393277 0.0 0.0002463354467869981 0.0003086006723907127 0.00027169084999084897
Adenovirus 0.00028215133350739283 0.00022803936748947538 0.00023383270595663045 0.00024488418021332046 0.0002463354467869981 0.0 0.00021926835905175648 0.00022943757661398882
Variolavirus 0.00039622547735632796 0.0003296504718542808 0.00033531191752046334 0.00032965417485601484 0.0003086006723907127 0.00021926835905175648 0.0 0.00023473409990082395
Herpesvirus 0.0003304308858331799 0.00026682632752878785 0.00027232362411292924 0.00027372306517034695 0.00027169084999084897 0.00022943757661398882 0.00023473409990082395 0.0
